



























1


112



2
1


1
2
22
22
2
2
2
2
22
22
22
22
22
22
22
22
22
22
22
22
22
22
22
22
22
22
22
22
22
22
222


1
1
1
11
1
22
22
22
22
222
1






2

2


2

1
1
1
1


1
1


















11
11
11
111
1
1


























1


1
1
1




1





1




















112
2
12
2

1
11
1
1
1
1
1
1
1
11
1

1
1
11
1
1
1
11
111
111
111
11
111
11
1
1
1
1
11

1
1
1
1
11
11




1
1
1














1
































































































































2
1














1




































12
2

22222
22
1

1
2



22

222
2



1






1
12
11
1
1
1
1

1
1
1
11
1
1
1
122
22


1
1






1
1
11
1
1
1
1
11
1
1
1
11

1
121
111
111
11122
1111
1
1
1


11
1





22
2
22
222















22
222

2
2
2
2
2
2
2
2
2
2
11

1

21

2

