2
2
22
2222
222
222
222
222
222
222
222
222
222
2222
22222
22222
21222
21222
21222
21222
21222
21222
2222
2222
22221
22221
2222
22221
1111
1111
1111
1111
11111
2222
2222
2222
2222
2222
2222
2222
2222
2222
2222
2222
2222
2222
2222
2222
2222
22221
22221
22221
22221
22221
22221
22221
22221
22221
22221
22221
22221
22221
22221
22221
22221
22221
22221
22221
22221
22221
22221
22221
22221
22221
222212
222212
222212
222212
222212
222212
222212
222212
222212
222212
222212
222212
222212
222212
222212
222212
222212
2222122
222212
222212
222212
222212
222222
222222222
222222222
2222222222
2222222222
2222222222
2222222222
22222222222
22222222222
22222222222
22222212222
22222212222
22222212222
22222212222
22222212222
222222122222
122
122
122
122
122
22
22
221
221
222
22
22
22
21
21
21
2
2












1
1
2
2

2

2
22
22
22
22
22
22
2
22
2
2
2
2
2
2
2
2
21
21
1

1







1
1
1






2
2


2
2




2
2
2
2
2


